-60.005712727035025 19.323992953030817
-60.03506850500124 18.32541031889708
-60.08935313432333 17.327872240469574
-60.168532753978525 16.33200095022935
-60.272557974242005 15.338417640968066
-60.401363907494655 14.347742078307721
-60.554870208697864 13.360592214110607
-60.73298112551022 12.377583801020599
-60.93558555801478 11.399330008376289
-61.162557128019635 10.426441039735465
-61.41375425788861 9.45952375224958
-61.689020258852906 8.499181278125585
-61.98818342874853 7.5460126484112635
-62.311057159118654 6.600612419338756
-62.657440051614024 5.663570301459302
-63.02711604361884 4.735470791800596
-63.419854543023725 3.8168928092761547
-63.83541057206174 2.9084093335741272
-64.27352492011772 2.010587047750839
-64.73392430541557 1.123985984751915
-65.21632154548283 0.24915917808160515
-65.72041573628579 -0.6133476831619333
-66.24589243992399 -1.4629965946700878
-66.7924238807665 -2.299257572513781
-67.35966914990792 -3.121608983730514
-67.94727441781652 -3.929537871702429
-68.5548731550418 -4.722540276122309
-69.18208636084394 -5.500121547347948
-69.82852279960233 -6.26179665494886
-70.49377924485589 -7.0070904902528
-71.17744073082298 -7.735538162703428
-71.87908081124374 -8.446685289844233
-72.59826182538373 -9.14008828074784
-73.33453517103273 -9.815314612713873
-74.08744158432853 -10.471943101062884
-74.85651142623114 -11.109564161857918
-75.64126497546854 -11.727780067389915
-76.44121272777171 -12.326205194267615
-77.25585570121163 -12.904466263957126
-78.08468574744839 -13.462202575621177
-78.92718586869799 -13.999066231112856
-79.782830540219 -14.514722351983337
-80.65108603811818 -15.008849288368431
-81.53141077227049 -15.481138819623496
-82.42325562414572 -15.931296346581696
-83.32606428933114 -16.35904107531553
-84.23927362453651 -16.764106192287194
-85.16231399886485 -17.146239030778304
-86.09460964913012 -17.50520122849543
-87.03557903899998 -17.84076887625281
-87.98463522173954 -18.152732657639845
-88.94118620633009 -18.440897979585962
-89.90463532673428 -18.7050850937416
-90.8743816140773 -18.945129208599496
-91.84982017151219 -19.16088059228636
-92.83034255153524 -19.352204665960883
-93.81533713551607 -19.518982087759717
-94.804189515206 -19.66110882723912
-95.7962828759862 -19.77849623026583
-96.79099838161703 -19.871071074316717
-97.7877155602485 -19.93877561415264
-98.7858126914507 -19.981567617838067
-99.78466719402327 -19.999420393084073
-100.7836560143417 -19.992322803898077
-101.78215601499838 -19.960279277530148
-102.7795443634958 -19.903309801711423
-103.77519892074969 -19.821449912186402
-104.7684986291595 -19.714750670546884
-105.75882390000442 -19.58327863238135
-106.74555699992305 -19.427115805759733
-107.72808243623578 -19.246359600079394
-108.70578734086955 -19.041122765304223
-109.67806185264544 -18.811533321634812
-110.64429949769061 -18.55773447965354
-111.60389756773742 -18.279884550994367
-112.55625749607364 -17.97815684959309
-113.5007852309093 -17.65273958357959
-114.43689160592726 -17.303835737879652
-115.36399270778642 -16.931662947599392
-116.28151024034827 -16.536453362271416
-117.18887188539955 -16.118453501047377
-118.08551165964616 -15.6779240989271
-118.97087026775554 -15.215139944120466
-119.84439545122723 -14.730389706643258
-120.70554233287417 -14.223975758253971
-121.55377375669971 -13.696213983843982
-122.38856062295842 -13.147433584398591
-123.20938221819166 -12.577976871651934
-124.01572654003208 -11.988199054563843
-124.80709061657431 -11.378468017751771
-125.58298082011292 -10.749164092016134
-126.34291317505158 -10.100679817102037
-127.08641365979165 -9.433419696845501
-127.81301850241174 -8.747799946856848
-128.52227446995389 -8.044248234898653
-129.21373915113588 -7.323203414120233
-129.88698123231316 -6.58511524931501
-130.54158076651873 -5.830444136371561
-131.17712943541267 -5.059660815093359
-131.79323080397788 -4.2732460755662345
-132.389500567804 -3.471690458256841
-132.96556679280388 -2.655493948029161
-133.52107014721452 -1.8251656622698533
-134.0556641257366 -0.9812235333170385
-134.5690152656735 -0.12419398539062243
-135.06080335493473 0.7453883937743875
-135.53072163177396 1.6269811863866614
-135.97847697613736 2.5200344829415116
-136.40379009250242 3.4239912252369145
-136.80639568409367 4.338287553848673
-137.18604261836634 5.262353159847965
-137.54249408365484 6.1956116405419
-137.87552773688833 7.137480859015151
-138.18493584228133 8.087373307248416
-138.47052540091255 9.044696472587221
-138.7321182711115 10.008853207332434
-138.96955127957767 10.979242101221976
-139.1826763231628 11.9552578565714
-139.3713604612529 12.936291665839294
-139.5354859986923 13.92173159138204
-139.67495055919832 14.91096294716103
-139.78966714922012 15.903368682164231
-139.87956421220264 16.898329765302957
-139.9445856732213 17.895225571543747
-139.9846909739597 18.893434269034486
-139.99985509800857 19.892333206983317
-139.99006858647036 20.89129930404837
-139.95533754385923 21.889709436996057
-139.89568363429342 22.886940829385498
-139.81114406798162 23.882371440036632
-139.70177157801268 24.875380351039684
-139.56763438746228 25.865348155063998
-139.40881616683748 26.851657341724575
-139.22541598188587 27.833692682765406
-139.01754823180138 28.81084161581926
-138.78534257786578 29.782494626504565
-138.52894386257012 30.748045628621078
-138.24851201926646 31.70689234220714
-137.94422197240678 32.65843666922275
-137.6162635284304 33.60208506662406
-137.26484125736897 34.53724891659663
-136.89017436524222 35.46334489371646
-136.49249655732393 36.37979532880982
-136.0720558923645 37.28602856928487
-135.62911462785928 38.18147933571037
-135.16394905646118 39.06558907441894
-134.67684933363773 39.93780630591509
-134.16811929668162 40.79758696887053
-133.63807627518645 41.644394759492315
-133.08705089310683 42.47770146605207
-132.51538686252553 43.29698729836764
-131.92344076925693 44.10174121203164
-131.31158185042014 44.891461227184706
-130.68019176412062 45.66565474163451
-130.02966435138393 46.423838838125334
-129.36040539049046 47.165540585566475
-128.6728323438636 47.890297334031594
-127.96737409767017 48.597657003345
-127.24447069429483 49.28717836507488
-126.50457305785562 49.9584313177575
-125.74814271293191 50.610997155180875
-124.97565149668002 51.24446882756027
-124.18758126451627 51.85845119544297
-123.3844235895509 52.45256127618366
-122.56667945596044 53.026428482836785
-121.73485894648971 53.5796948553169
-120.88948092427843 54.11201528368278
-120.031072709211 54.62305772340597
-119.16016974899111 55.11250340248964
-118.27731528514643 55.58004702030835
-117.383060014172 56.02539693804489
-116.47796174402323 56.448275360605294
-115.56258504617303 56.84841850989852
-114.6375009034501 57.225576789372894
-113.70328635387813 57.579514939706414
-112.76052413073776 57.91001218555409
-111.80980229907615 58.21686237326052
-110.85171388889074 58.49987409945201
-109.88685652521605 58.758870830427874
-108.91583205534414 58.993691012276564
-107.93924617341153 59.204188171647814
-106.95770804258642 59.3902310071181
-105.97182991509216 59.551703471092246
-104.98222675030377 59.688504842190234
-103.98951583115591 59.80054978807399
-102.99431637910142 59.88776841867497
-101.9972491678607 59.950106329789406
-100.99893613620283 59.987524637013834
-100.0 60.0
-99.00099999999993 60
-98.00180000000017 60
-97.00260000000043 60
-96.00340000000067 60
-95.0042000000009 60
-94.00500000000116 60
-93.0058000000014 60
-92.00660000000165 60
-91.0074000000019 60
-90.00820000000215 60
-89.00900000000239 60
-88.00980000000263 60
-87.01060000000288 60
-86.01140000000312 60
-85.01220000000336 60
-84.01300000000361 60
-83.01380000000385 60
-82.01460000000411 60
-81.01540000000435 60
-80.0162000000046 60
-79.01700000000484 60
-78.01780000000508 60
-77.01860000000534 60
-76.01940000000558 60
-75.02020000000581 60
-74.02100000000607 60
-73.02180000000632 60
-72.02260000000656 60
-71.0234000000068 60
-70.02420000000706 60
-69.0250000000073 60
-68.02580000000754 60
-67.02660000000779 60
-66.02740000000803 60
-65.02820000000827 60
-64.02900000000852 60
-63.02980000000877 60
-62.03060000000901 60
-61.031400000009256 60
-60.0322000000095 60
-59.03300000000975 60
-58.03380000001 60
-57.034600000010236 60
-56.03540000001048 60
-55.03620000001073 60
-54.03700000001098 60
-53.037800000011224 60
-52.03860000001146 60
-51.03940000001171 60
-50.04020000001196 60
-49.041000000012204 60
-48.041800000012444 60
-47.04260000001269 60
-46.04340000001294 60
-45.04420000001318 60
-44.045000000013424 60
-43.04580000001367 60
-42.04660000001391 60
-41.04740000001416 60
-40.0482000000144 60
-39.04900000001466 60
-38.0498000000149 60
-37.050600000015145 60
-36.05140000001539 60
-35.05220000001563 60
-34.05300000001587 60
-33.053800000016125 60
-32.054600000016364 60
-31.055400000016604 60
-30.056200000016858 60
-29.057000000017112 60
-28.05780000001735 60
-27.05860000001759 60
-26.059400000017845 60
-25.060200000018085 60
-24.061000000018325 60
-23.06180000001858 60
-22.06260000001882 60
-21.063400000019072 60
-20.064200000019312 60
-19.065000000019566 60
-18.065800000019806 60
-17.066600000020046 60
-16.0674000000203 60
-15.06820000002054 60
-14.069000000020779 60
-13.069800000021019 60
-12.070600000021287 60
-11.071400000021526 60
-10.072200000021766 60
-9.07300000002202 60
-8.07380000002226 60
-7.0746000000225 60
-6.075400000022739 60
-5.076200000022993 60
-4.077000000023233 60
-3.0778000000234726 60
-2.0786000000237266 60
-1.0794000000239805 60
-0.08020000002422023 60
0.91899999997554 60
1.918199999975272 60
2.917399999975018 60
3.9165999999747783 60
4.9157999999745385 60
5.914999999974285 60
6.914199999974045 60
7.913399999973805 60
8.912599999973565 60
9.911799999973312 60
10.910999999973072 60
11.910199999972832 60
12.909399999972578 60
13.908599999972338 60
14.907799999972099 60
15.906999999971845 60
16.906199999971605 60
17.905399999971365 60
18.90459999997111 60
19.903799999970857 60
20.902999999970604 60
21.902199999970364 60
22.901399999970124 60
23.90059999996987 60
24.89979999996963 60
25.89899999996939 60
26.898199999969137 60
27.897399999968897 60
28.896599999968657 60
29.895799999968403 60
30.894999999968178 60
31.894199999967924 60
32.89339999996767 60
33.892599999967445 60
34.89179999996719 60
35.89099999996694 60
36.89019999996671 60
37.88939999996646 60
38.888599999966175 60
39.88779999996595 60
40.886999999965695 60
41.88619999996547 60
42.885399999965216 60
43.88459999996496 60
44.88379999996474 60
45.88299999996448 60
46.88219999996423 60
47.881399999964 60
48.88059999996375 60
49.879799999963495 60
50.87899999996327 60
51.878199999963016 60
52.87739999996276 60
53.87659999996254 60
54.87579999996228 60
55.87499999996203 60
56.874199999961775 60
57.87339999996152 60
58.872599999961295 60
59.87179999996104 60
60.87099999996079 60
61.87019999996056 60
62.86939999996031 60
63.868599999960054 60
64.86779999995983 60
65.86699999995957 60
66.86619999995932 60
67.8653999999591 60
68.86459999995884 60
69.86379999995859 60
70.86299999995836 60
71.86219999995811 60
72.86139999995785 60
73.86059999995763 60
74.85979999995735 60
75.85899999995712 60
76.85819999995687 60
77.85739999995661 60
78.85659999995639 60
79.85579999995613 60
80.85499999995588 60
81.85419999995565 60
82.8533999999554 60
83.85259999995515 60
84.85179999995492 60
85.85099999995467 60
86.85019999995441 60
87.84939999995419 60
88.84859999995393 60
89.84779999995368 60
90.84699999995345 60
91.8461999999532 60
92.84539999995297 60
93.84459999995269 60
94.84379999995244 60
95.84299999995221 60
96.84219999995196 60
97.8413999999517 60
98.84059999995148 60
99.83979999995123 60
100.83881064895073 59.99296347182478
101.83748614787179 59.966225039083945
102.83542807256647 59.919538736303465
103.83223801759581 59.852923201919594
104.82751802943777 59.76640503065751
105.82087076536104 59.66001876291395
106.81189965205508 59.53380687096775
107.80020904395285 59.3878197420238
108.78540438118331 59.222115658097074
109.76709234709037 59.036760772744856
110.7448810252555 58.8318290846565
111.71838005596145 58.6074024081111
112.68720079203442 58.36357034031505
113.65095645400245 58.10043022563238
114.60926228450836 57.81808711672228
115.56173570191525 57.51665373259923
116.50799645304348 57.19625041363248
117.44766676497797 56.857005073502975
118.38037149588547 56.499053148136696
119.30573828478127 56.12253754163501
120.22339770018581 55.72760856922346
121.13298338761174 55.31442389724188
122.03413221582257 54.88314848019967
122.92648442180439 54.433954494921565
123.80968375439315 53.967021271809934
124.68337761649967 53.48253522325122
125.54721720587601 52.98068976919511
126.40085765436669 52.46168525993602
127.2439581655895 51.925728896127836
128.07618215099058 51.373034646063836
128.89719736421966 50.80382316025468
129.70667603377188 50.21832168333885
130.50429499384296 49.61676396336034
131.28973581334589 48.99939015845017
132.06268492303698 48.36644674094875
132.8228337407015 47.71818639900741
133.5698787943478 47.054867935708494
134.30352184336175 46.37675616574414
135.02346999757225 45.68412180969507
135.7294358341812 44.97724138595164
136.42113751251017 44.25639710032017
137.09829888651902 43.52187673335879
137.76064961505085 42.77397352548759
138.4079252697594 42.01298605991915
139.03986744067615 41.23921814345605
139.65622383937455 40.45297868520289
140.25674839969025 39.65458157324152
140.8412013759576 38.844345549318305
141.40934943872242 38.02259408159388
141.9609657678935 37.18965523550584
142.4958301432954 36.345861542796186
143.01372903258618 35.49154986875561
143.51445567650538 34.62706127773774
143.99781017141788 33.75274089699707
144.4635995491209 32.868937778904744
144.91163785388198 31.97600476159748
145.34174621667776 31.074298328114946
145.75375292660314 30.164178464082134
146.1474934994231 29.246008513993328
146.52281074323906 28.320155036155157
146.8795548212443 27.38698765634657
147.2175833115429 26.44687892025425
147.53676126400825 25.50020414474225
147.83696125415887 24.547341268015373
148.11806343402978 23.58867069873598
148.379955580019 22.62457516415457
148.62253313769023 21.655439557314686
148.84569926351384 20.681650783393188
149.0493648635294 19.703597605237242
149.23344862891452 18.72167048815966
149.3978770684453 17.736261444054563
149.54258453783626 16.747763874895632
149.66751326594718 15.756572415679381
149.7726133778469 14.763082776876178
149.85784291472487 13.767691586451921
149.92316785064202 12.770796231523395
149.96856210611506 11.772794699710593
149.99400755852804 10.774085420249271
150 9.775099999999986
150 8.776099999999808
150 7.777099999999631
150 6.778099999999453
150 5.779099999999276
150 4.7800999999990985
150 3.7810999999989194
150 2.782099999998742
150 1.783099999998564
150 0.7840999999983875
150 -0.21490000000179066
150 -1.2139000000019688
150 -2.212900000002147
150 -3.2119000000023252
150 -4.210900000002502
150 -5.20990000000268
150 -6.208900000002856
150 -7.207900000003036
150 -8.206900000003213
150 -9.205900000003389
150 -10.204900000003569
150 -11.203900000003745
150 -12.202900000003922
150 -13.201900000004098
150 -14.200900000004282
150 -15.199900000004455
150 -16.19890000000463
150 -17.19790000000481
150 -18.196900000004987
150 -19.195900000005164
150 -20.194900000005344
150 -21.19390000000552
150 -22.1929000000057
150 -23.191900000005873
150 -24.190900000006053
150 -25.189900000006233
150 -26.188900000006406
150 -27.187900000006586
150 -28.186900000006766
150 -29.18590000000694
150 -30.18490000000712
150 -31.1839000000073
150 -32.18290000000747
150 -33.18190000000765
150 -34.180900000007824
150 -35.179900000008004
150 -36.178900000008184
150 -37.17790000000836
150 -38.176900000008544
150 -39.175900000008724
149.99961753802938 -40.17491944252204
149.98276809106187 -41.173991386836214
149.94096868076963 -42.17233073950044
149.87424539073334 -43.169314518879794
149.7826398574808 -44.16432058924135
149.66620924450538 -45.15672804897801
149.52502620659462 -46.14591761806227
149.35917884449262 -47.131272024488005
149.16877064992337 -48.11217638945928
148.9539204410103 -49.088018611085715
148.71476228813137 -50.058189746345036
148.45144543025702 -51.02208439107442
148.1641341818222 -51.979101057753546
147.85300783019122 -52.92864255084356
147.5182605237794 -53.87011633944781
147.16010115090077 -54.80293492706172
146.77875320941814 -55.726516218181125
146.37445466727644 -56.64028388154031
145.94745781400638 -57.54366770975304
145.49802910329132 -58.43610397513214
145.02644898669536 -59.31703578146573
144.53301173865663 -60.18591341153039
144.0180252728547 -61.04219467012457
143.4818109500669 -61.885345222408105
142.92470337763348 -62.7148389273367
142.3470502006567 -63.5301581659834
141.74921188506394 -64.33079416454207
141.13156149267058 -65.11624731181132
140.4944844483828 -65.88602747096087
139.8383782996853 -66.63965428538572
139.16365246856486 -67.37665747845728
138.47072799602353 -68.09657714698433
137.76003727934145 -68.79896404820099
137.03202380225332 -69.48337988010209
136.2871418582066 -70.14939755495162
135.52585626687411 -70.796601465793
134.74864208409846 -71.42458774579534
133.9559843054485 -72.03296452027357
133.14837756357352 -72.62135215122521
132.32632581954357 -73.18938347423136
131.49034204836872 -73.73670402757382
130.6409479188935 -74.26297227342553
129.77867346826616 -74.76785981097635
128.90405677118605 -75.25105158136103
128.0176436041353 -75.71224606426154
127.11998710480457 -76.15115546606118
126.21164742692524 -76.567505899433
125.29319139072342 -76.96103755425032
124.36519212921397 -77.33150485971292
123.42822873055523 -77.67867663758761
122.48288587668769 -78.00233624646768
121.52975347848195 -78.30228171696086
120.56942630762374 -78.57832587772195
119.60250362546583 -78.83029647225109
118.62958880907813 -79.05803626638485
117.6512889747296 -79.26140314641316
116.66821459903687 -79.4402702077609
115.68097913801589 -79.5945258341785
114.69019864427432 -79.72407376739258
113.69649138258379 -79.8288331671728
112.7004774440715 -79.90873866177759
111.70277835927229 -79.96374038874733
110.70401671028252 -79.99380402601938
109.70497999999998 -80
108.70597999999994 -80
107.70697999999992 -80
106.70797999999988 -80
105.70897999999984 -80
104.7099799999998 -80
103.71097999999976 -80
102.71197999999973 -80
101.7129799999997 -80
100.71397999999967 -80
99.71497999999963 -80
98.71597999999959 -80
97.71697999999955 -80
96.71797999999953 -80
95.71897999999949 -80
94.71997999999945 -80
93.72097999999941 -80
92.72197999999938 -80
91.72297999999935 -80
90.7239799999993 -80
89.72497999999928 -80
88.72597999999924 -80
87.7269799999992 -80
86.72797999999918 -80
85.72897999999913 -80
84.7299799999991 -80
83.73097999999906 -80
82.73197999999903 -80
81.73297999999899 -80
80.73397999999895 -80
79.73497999999893 -80
78.73597999999889 -80
77.73697999999885 -80
76.73797999999883 -80
75.73897999999878 -80
74.73997999999875 -80
73.74097999999871 -80
72.74197999999868 -80
71.74297999999864 -80
70.7439799999986 -80
69.74497999999858 -80
68.74597999999854 -80
67.7469799999985 -80
66.74797999999846 -80
65.74897999999843 -80
64.7499799999984 -80
63.750979999998364 -80
62.751979999998326 -80
61.75297999999829 -80
60.75397999999825 -80
59.75497999999822 -80
58.75597999999819 -80
57.75697999999815 -80
56.75797999999811 -80
55.758979999998076 -80
54.75997999999804 -80
53.76097999999801 -80
52.761979999997976 -80
51.76297999999794 -80
50.7639799999979 -80
49.76496135251721 -79.9993094544667
48.76611576617591 -79.98096459188447
47.76803983751994 -79.93768087700013
46.771356134524474 -79.86948530881641
45.77668635673864 -79.77642042555668
44.78465094748918 -79.65854427813096
43.79586870686765 -79.51593039392563
42.81095640574263 -79.34866773093934
41.830528401037675 -79.15686062229386
40.8551962525151 -78.94062871115446
39.88556834130442 -78.7001068761002
38.92224949041359 -78.43544514699104
37.965840587459695 -78.14680861138409
37.016938209854374 -77.83437731155702
36.076134252677846 -77.49834613220361
35.1440155594736 -77.13892467887078
34.22116355619409 -76.75633714721343
33.30815388852575 -76.35082218314824
32.40555606281952 -75.92263273399394
31.513933090850973 -75.47203589069093
30.63384113863146 -74.99931272119835
29.76582917948948 -74.50475809517292
28.910438651638604 -73.98868050003856
28.06820312044556 -73.45140184856183
27.239647945609164 -72.893257278053
26.425289953457643 -72.314594941318
25.62563711456887 -71.71577578949186
24.841188226914465 -71.09717334688882
24.072432604725527 -70.45917347800987
23.319849773273987 -69.80217414685264
22.58390916976004 -69.12658516867421
21.86506985049213 -68.43282795436136
21.163780204542295 -67.72133524756795
20.48047767405531 -66.99255085478313
19.815588481386225 -66.24692936849902
19.169527363236437 -65.48493588365042
18.542697311954118 -64.70704570750338
17.93548932416047 -63.91374406317365
17.34828215685846 -63.10552578695997
16.781442091176245 -62.282895019680964
16.23532270389272 -61.44636489220813
15.710264646887524 -60.59645720539115
15.206595434653323 -59.73370210457513
14.72462924000262 -58.858637748912884
14.264666698096825 -57.9718099756783
13.826994718919572 -57.07377195979048
13.411886308311445 -56.16508386876086
13.0196003976776 -55.246312513278525
12.650381682474631 -54.31803099365179
12.3044604695773 -53.38081834232643
11.982052533620482 -52.435259162703744
11.683358982405807 -51.48194326448352
11.408566131457007 -50.52146529575956
11.15784538780224 -49.554424372097145
10.93135314305583 -48.58142370282379
10.729230675866177 -47.60307021476652
10.551604063790634 -46.619974173670215
10.398584104652343 -45.63274880353329
10.270266247428047 -44.64200990409812
10.166730532710119 -43.6483754667347
10.088041542779735 -42.6524652889574
10.034248361322547 -41.65490058781498
10.005384542811804 -40.65630361239514
10.001468091578175 -39.657297255685435
10.022501450579185 -38.658504666032414
10.068471499875429 -37.66054885844153
10.13934956481431 -36.66405232596027
10.235091433916423 -35.66963665138675
10.355637386453232 -34.67792211954624
10.500912229698983 -33.68952733037716
10.670825345833535 -32.70506881306822
10.865270748466827 -31.725160641487108
11.084127148749879 -30.750414051140773
11.327258031030858 -29.78143705790619
11.594511738009217 -28.818834078769413
11.885721565334684 -27.863205554809536
12.200705865592113 -26.91514757666263
12.53926816160741 -25.97525151269943
12.901197269003653 -25.044103640148553
13.286267427931236 -24.12228477939545
13.694238443889681 -23.21036993168515
14.12485583755327 -22.30892792045479
14.577851003507178 -21.418521036519664
15.052941377794959 -20.53970468733415
15.549830614172976 -19.673027050546207
16.06820876896169 -18.819028732061614
16.6077524943787 -17.97824242883124
17.168125240232804 -17.15119259657166
17.748977463853223 -16.338395122626352
18.349946848123246 -15.540357004171618
18.9706585274821 -14.757576031967915
19.610725321754124 -13.990540479853802
20.26974797765943 -13.239728800176284
20.947315417855428 -12.505609325347486
21.643004997353717 -11.788639975713796
22.35638276715261 -11.089267973919739
23.087003744920686 -10.407929565944755
23.834412192562585 -9.745049748986819
24.598141900493946 -9.101042006362757
25.377716478448068 -8.476308049590507
26.172649652632998 -7.871237567814262
26.98244556905363 -7.2862079847288115
27.80659910280963 -6.721584223154643
28.644596173176282 -6.1777184774107425
29.495914064271638 -5.654949993626936
30.360021751110068 -5.153604858133029
31.2363802308387 -4.673995794056481
32.12444285895027 -4.216421966255723
33.023655690262515 -3.7811687947106236
33.93345782445158 -3.368507776486581
34.85328175592372 -2.9786963163833633
35.782553727807255 -2.611977566374115
36.720694089843825 -2.268580273934944
37.66711765995575 -1.9487186393595266
38.621234089263986 -1.6525921821477993
39.58244823032892 -1.3803856165520116
40.550160508384444 -1.1322687363578794
41.52376729533352 -0.9083963089726552
42.50266128627225 -0.708907978886117
43.48623187830725 -0.5339281805647715
44.47386555143035 -0.383566060833644
45.464946251212794 -0.25791541079392033
46.45885577308039 -0.1570546073190755
47.454974147929825 -0.08104656416585954
48.452680028845656 -0.029938692730695493
49.45135107867671 -0.0037628724759812826
50.45036435823019 -0.002535431044684344
51.44909671484129 -0.026257134075670763
52.44692517107601 -0.07491318472614239
53.44322731332459 -0.14847323290140935
54.437381680043345 -0.24689139418634198
55.42876814940253 -0.3701062784665936
56.416768326098634 -0.518041028221802
57.400765927089644 -0.6906033664668314
58.380147166012804 -0.8876856543112837
59.35430113604497 -1.1091649581011467
60.32262019096683 -1.354903126100929
61.2845003241933 -1.6247468746682898
62.239341545533556 -1.9185278838675117
63.186548255445814 -2.236062902462102
64.12552961655335 -2.5771538622210883
65.05569992219006 -2.9415880014676503
65.97647896174558 -3.3291379977931115
66.88729238258225 -3.739562109853395
67.78757204829792 -4.172604328159572
68.67675639311142 -4.627994534768433
69.55429077214932 -5.105448671773466
70.41962780741582 -5.604668918491129
71.27222772922968 -6.125343877231877
72.1115587129153 -6.667148767540162
72.93709721053813 -7.229745628782126
73.74832827747707 -7.812783530954675
74.54474589363063 -8.415898793584418
75.32585327905608 -9.038715212580009
76.09116320384497 -9.680844294896236
76.84019829204168 -10.341885500863626
77.57249131941525 -11.021426494032337
78.28758550489904 -11.719043398374488
78.98503479551621 -12.43430106268454
79.66440414461331 -13.166753332012753
80.32526978322858 -13.915943325962424
80.96721948442547 -14.681403723677342
81.58985282042676 -15.46265705534164
82.19278141238858 -16.25921600001027
82.77562917265878 -17.070583689584282
83.33803253936847 -17.896254018741313
83.87964070321024 -18.73571196062798
84.40011582626195 -19.588433888117223
84.8991332527192 -20.45388790043021
85.37638171140527 -21.331534154919137
85.83156350993218 -22.220825203803848
86.26439472039175 -23.121206335652335
86.67460535646075 -24.03211592139207
87.06193954180976 -24.95298576463631
87.42615566971074 -25.88324145610693
87.76702655374353 -26.82230273193262
88.08433956950756 -27.769583835599008
88.37789678725011 -28.72449388332492
88.64751509532871 -29.686437232636873
88.89302631443023 -30.654813853911858
89.11427730247581 -31.62901970465672
89.31113005014606 -32.60844710629062
89.48346176696683 -33.592485123195594
89.63116495790197 -34.58051994379871
89.7541474904054 -35.571935263448204
89.8523326518904 -36.56611266884466
89.9256591975805 -37.56243202378756
89.97408138871191 -38.56027185599646
89.99756902106412 -39.55900974476565
90.00778471097537 -40.55796759519715
90.06058806597242 -41.55558726054134
90.16314190826644 -42.54932560659181
90.31519035751126 -43.53670317371729
90.5163540402094 -44.51525637295774
90.76613103628051 -45.482543632883186
91.06389813139351 -46.4361514915171
91.40891237193816 -47.37370061812423
91.80031291875588 -48.29285174983826
92.23712319500493 -49.191311528316746
92.7182533228007 -50.06683822186048
93.24250284255137 -50.917247318720094
93.80856370820428 -51.74041697763415
94.4150235509293 -52.53429332199913
95.0603692030964 -53.29689556446202
95.74299047375425 -54.02632094914907
96.46118416619039 -54.72074949919964
97.21315832754831 -55.378448557759434
97.99703671989855 -55.997777111103154
98.81086350160791 -56.577189883099905
99.65260810732678 -57.115241190805364
100.5201703144181 -57.61058855156068
101.41138548318703 -58.0619960325981
102.32402995783676 -58.4683373347958
103.2558266146741 -58.828598602887624
104.20445054372216 -59.14188095511613
105.16753484956355 -59.40740272601713
106.14267655694091 -59.62450141673991
107.12744260637959 -59.792635348036825
108.11937592487283 -59.91138501179795
109.1160015564829 -59.98045411775867
110.11483283756148 -59.99967033276843
111.11337760118182 -59.968985710776266
112.10914439530197 -59.88847681246018
113.09964869914441 -59.7583445142019
114.08241912228155 -59.57891350688362
115.05500357095985 -59.35063148575733
116.01497536627731 -59.074068033408004
116.95993929894857 -58.74991319859778
117.88753760555095 -58.37897577453705
118.7954558513397 -57.96218128087828
119.68142870495485 -57.50056965446771
120.54324559061087 -56.995292654616584
121.37875620366667 -56.447610989366126
122.18587587581413 -55.85889116991636
122.96259077649852 -55.23060210106729
123.7069629375928 -54.56431141617952
124.41713508878895 -53.861681565798946
125.09133529164146 -53.1244656697047
125.72788136070076 -52.35450314272983
126.32518506070564 -51.55371510526868
126.8817560693618 -50.72409958992205
127.39620569581982 -49.867726556240115
127.86725034557395 -48.98673272600156
128.293714723137 -48.08331625191546
128.67453476449998 -47.15973123304786
129.0087602920603 -46.21828209065755
129.29555738539338 -45.261317818473856
129.5342104619538 -44.29122612176233
129.7241240625126 -43.310427459802
129.86482433687792 -42.321369006638626
129.95596022619026 -41.32651854518242
129.99730433884352 -40.32835830988484
130 -39.32935000000017
130 -38.33034999999936
130 -37.33134999999856
130 -36.332349999997746
130 -35.33334999999694
130 -34.334349999996135
130 -33.33534999999533
130 -32.336349999994525
130 -31.337349999993712
130 -30.338349999992907
130 -29.339349999992102
130 -28.340349999991293
130 -27.341349999990484
130 -26.342349999989676
130 -25.34334999998887
130 -24.34434999998806
130 -23.345349999987256
130 -22.346349999986447
130 -21.347349999985642
130 -20.348349999984837
130 -19.349349999984028
130 -18.35034999998322
130 -17.351349999982414
130 -16.352349999981605
130 -15.353349999980797
130 -14.354349999979995
130 -13.355349999979186
130 -12.35634999997838
130 -11.357349999977576
130 -10.358349999976767
130 -9.359349999975962
130 -8.36034999997515
130 -7.361349999974344
130 -6.362349999973539
130 -5.363349999972733
130 -4.364349999971928
130 -3.365349999971116
130 -2.3663499999703106
130 -1.3673499999695053
130 -0.368349999968693
130 0.6306500000321122
130 1.6296500000329175
130 2.6286500000337227
130 3.627650000034528
130 4.62665000003534
130 5.625650000036146
130 6.624650000036958
130 7.623650000037756
130 8.622650000038568
130 9.621650000039374
129.99357908755817 10.620655716475303
129.95628358053062 11.618973144567452
129.8857689301436 12.615495259805119
129.7821133315535 13.609116998173342
129.64543173060062 14.598736511945136
129.47587569634345 15.58325639154328
129.27363325298046 16.561584882480513
129.03892867134618 17.532637096028708
128.7720222202128 18.495336212274452
128.47320987767245 19.448614674226942
128.1428230029212 20.39141537165407
127.78122796880797 21.322692813333834
127.3888257555559 22.24141428642121
126.96605150610729 23.146561001644837
126.51337404358442 24.037129223063516
126.03129535140201 24.912131381129797
125.5203500166073 25.770597167826327
124.98110463706547 26.611574612660462
124.41415719314753 27.43413113832412
123.82013638461744 28.23735459484803
123.19970093345398 29.02035427110374
122.5535388533803 29.782261882531667
121.8823666869112 30.522232533999777
121.18692871076436 31.239445656725337
120.46799611051642 31.93310591822062
119.72636612541936 32.60244410425358
118.96286116432535 33.24671797184544
118.17832789370051 33.86521307235931
117.37363629873904 34.45724354376709
116.5496787186185 35.022152871216065
115.70736885696644 35.559314615051804
114.84764076863559 36.06813310549013
113.97144782391099 36.54804410316761
113.07976165129801 36.998515424838345
112.17357106006332 37.419047533522914
111.25388094372386 37.809174092455336
110.32171116569954 38.16846248221357
109.37809542836567 38.49651428046011
108.42408012675884 38.792965703760814
107.46072318820796 39.05748801099186
106.4890928991766 39.289787867887604
105.51026672061803 39.489607672325
104.52533009315651 39.656725839983956
103.53537523341964 39.790957050066766
102.54149992285672 39.8921524508042
101.54480629038618 39.96019982452025
100.54639959022202 39.99502371207273
99.54737999999999 40
98.54834000000017 40
97.54930000000034 40
96.55026000000052 40
95.5512200000007 40
94.55218000000087 40
93.55314000000105 40
92.55410000000123 40
91.5550600000014 40
90.55602000000158 40
89.55698000000176 40
88.55794000000193 40
87.55890000000213 40
86.5598600000023 40
85.56082000000248 40
84.56178000000266 40
83.56274000000283 40
82.56370000000301 40
81.56466000000319 40
80.56562000000336 40
79.56658000000354 40
78.56754000000372 40
77.5685000000039 40
76.56946000000409 40
75.57042000000426 40
74.57138000000444 40
73.57234000000462 40
72.57330000000479 40
71.57426000000497 40
70.57522000000515 40
69.57618000000532 40
68.5771400000055 40
67.57810000000568 40
66.57906000000585 40
65.58002000000604 40
64.5809800000062 40
63.58194000000639 40
62.58290000000657 40
61.583860000006744 40
60.58482000000693 40
59.5857800000071 40
58.58674000000728 40
57.58770000000746 40
56.588660000007636 40
55.58962000000781 40
54.59058000000799 40
53.59154000000817 40
52.59250000000834 40
51.59346000000853 40
50.594420000008704 40
49.59538000000889 40
48.59634000000906 40
47.59730000000924 40
46.59826000000942 40
45.59922000000959 40
44.60018000000977 40
43.60114000000995 40
42.602100000010125 40
41.6030600000103 40
40.604020000010486 40
39.604980000010656 40
38.60594000001084 40
37.60690000001102 40
36.6078600000112 40
35.60882000001138 40
34.60978000001154 40
33.61074000001173 40
32.61170000001191 40
31.612660000012085 40
30.61362000001226 40
29.614580000012438 40
28.615540000012615 40
27.616500000012778 40
26.61746000001297 40
25.618420000013145 40
24.619380000013308 40
23.6203400000135 40
22.621300000013676 40
21.622260000013853 40
20.62322000001403 40
19.624180000014206 40
18.625140000014397 40
17.626100000014574 40
16.627060000014737 40
15.628020000014928 40
14.628980000015105 40
13.629940000015267 40
12.630900000015458 40
11.631860000015635 40
10.632820000015812 40
9.633780000015989 40
8.634740000016166 40
7.635700000016342 40
6.6366600000165334 40
5.637620000016696 40
4.638580000016873 40
3.639540000017064 40
2.6405000000172265 40
1.6414600000174033 40
0.6424200000175944 40
-0.3566199999822288 40
-1.3556599999820662 40
-2.354699999981875 40
-3.3537399999816984 40
-4.352779999981507 40
-5.351819999981345 40
-6.350859999981168 40
-7.349899999980977 40
-8.348939999980814 40
-9.347979999980637 40
-10.347019999980446 40
-11.34605999998027 40
-12.345099999980107 40
-13.344139999979916 40
-14.34317999997974 40
-15.342219999979562 40
-16.341259999979385 40
-17.34029999997921 40
-18.339339999979032 40
-19.338379999978855 40
-20.337419999978678 40
-21.3364599999785 40
-22.33549999997831 40
-23.334539999978148 40
-24.333579999977957 40
-25.33261999997778 40
-26.331659999977603 40
-27.330699999977426 40
-28.32973999997725 40
-29.32877999997706 40
-30.327819999976896 40
-31.326859999976733 40
-32.32589999997654 40
-33.32493999997635 40
-34.32397999997619 40
-35.323019999976 40
-36.322059999975835 40
-37.321099999975644 40
-38.32013999997548 40
-39.31917999997529 40
-40.318186575916826 39.997468772394825
-41.31636771167942 39.95663238243486
-42.31126440077399 39.866002538752355
-43.300394293408374 39.72580537032741
-44.28128942842605 39.536390680728296
-45.251502391074055 39.29823107532251
-46.208612419505876 39.01192078208715
-47.15023144478307 38.67817416896082
-48.07401004930547 38.29782396143635
-48.977643328803026 37.87181916484157
-49.85887664326321 37.40122269649231
-50.71551124244492 36.88720873362548
-51.545409751942785 36.33105978372942
-52.34650150611367 35.734163484581345
-53.116787714559266 35.09800914197588
-53.85434644927395 34.4241840137836
-54.55733744001469 33.71436934961089
-55.224006665927966 32.97033619594268
-55.852690731977354 32.19394097723453
-56.441821019252146 31.387120863979547
-56.98992759880173 30.551888939307283
-57.49564289923023 29.690329176174295
-57.95770511890069 28.80459123767867
-58.374961374234786 27.89688511347225
-58.74637057625307 26.969475605653074
-59.07100602817832 26.02467667789619
-59.34805773762092 25.064845681922314
-59.57683443757709 24.09237747570967
-59.75676531119736 23.109698448124615
-59.88740141602206 22.11926046488008
-59.968416804129944 21.12353475092719
-59.99960933540531 20.12500572454393
